540 600 630 660 750 810 840 900 930 1050 1080 1320 1380 1500 1560 1590 1740 2040 2070 2280 2310 2520 2580 2970 3150 3240 3720 4020 4350 4530 4620 5460 6270 6300 7260 7560 7800 7980 11730 12210 14040 18870 22260 27030 27300 52530 103020 
5 18 42 75 117 168 228 297 375 462 558 663 777 900 1032 1173 1323 1482 1650 1827 2013 2208 2412 2625 2847 3078 3318 3567 3825 4092 4368 4653 4947 5250 5562 5883 6213 6552 6900 7257 7623 7998 8382 8775 9177 9588 10008 10437 10875 11322 11778 
0 8 44 164 494 1286 3002 6434 12869 24309 43757 75581 125969 203489 319769 490313 735470 1081574 1562274 2220074 3108104 4292144 5852924 7888724 10518299 13884155 18156203 23535819 30260339 38608019 48903491 
1 8 36 120 330 792 1716 3432 6435 11440 19448 31824 50388 77520 116280 170544 245157 346104 480700 657800 888030 1184040 1560780 2035800 2629575 3365856 4272048 5379616 6724520 8347680 10295472 
0 9 54 219 714 2001 5004 11439 24309 48619 92377 167959 293929 497419 817189 1307503 2042974 3124549 4686824 6906899 10015004 14307149 20160074 28048799 38567099 52451255 70607459 94143279 
1 9 45 165 495 1287 3003 6435 12870 24310 43758 75582 125970 203490 319770 490314 735471 1081575 1562275 2220075 3108105 4292145 5852925 7888725 10518300 13884156 18156204 23535820 30260340 38608020 48903492 61523748 76904685 
177 213 219 267 309 327 381 393 411 417 447 453 471 501 519 537 573 579 633 681 717 723 753 771 789 807 813 843 849 879 921 933 1011 1041 1047 1059 1077 1101 1119 1137 1149 1167 1191 1203 1227 1257 1263 1293 
7 31 43 67 73 79 103 127 163 181 223 229 271 277 307 313 337 349 409 421 439 457 463 499 523 577 643 661 673 691 709 727 757 769 811 823 829 853 877 919 967 991 997 1021 1069 1087 1093 1117 1123 1171 1213 
60 168 360 504 660 1092 2448 2520 3420 4080 5616 6048 6072 7800 7920 9828 12180 14880 20160 25308 25920 29120 32736 34440 39732 51888 58800 62400 74412 95040 102660 113460 126000 150348 175560 178920 
6 12 24 48 96 192 384 768 1536 3072 6144 12288 24576 49152 98304 196608 393216 786432 1572864 3145728 6291456 12582912 25165824 50331648 100663296 201326592 402653184 805306368 1610612736 3221225472 
1012 1023 1034 1045 1067 1078 1089 1100 1122 1133 1144 1155 1177 1188 1199 1210 1232 1243 1254 1265 1287 1298 1320 1342 1353 1364 1375 1397 1408 1430 1452 1463 1474 1485 1507 1518 1540 1562 1573 1584 1595 1606 
12 23 34 45 56 67 78 89 910 1011 1112 1213 1314 1415 1516 1617 1718 1819 1920 2021 2122 2223 2324 2425 2526 2627 2728 2829 2930 3031 3132 3233 3334 3435 3536 3637 3738 3839 3940 4041 4142 4243 4344 4445 4546 
12 23 34 45 56 67 78 89 910 1011 1112 1213 1314 1415 1516 1617 1718 1819 1920 2021 2122 2223 2324 2425 2526 2627 2728 2829 2930 3031 3132 3233 3334 3435 3536 3637 3738 3839 3940 4041 4142 4243 4344 4445 4546 
1 12 23 34 45 56 67 78 89 910 1011 1112 1213 1314 1415 1516 1617 1718 1819 1920 2021 2122 2223 2324 2425 2526 2627 2728 2829 2930 3031 3132 3233 3334 3435 3536 3637 3738 3839 3940 4041 4142 4243 4344 4445 4546 
157 262 367 412 472 487 577 682 787 877 892 907 997 1072 1207 1237 1312 1402 1522 1567 1627 1657 1732 1852 1942 2047 2062 2152 2194 2257 2362 2437 2467 2557 2572 2677 2722 2782 
0 13 30 51 76 105 138 175 216 261 310 363 420 481 546 615 688 765 846 931 1020 1113 1210 1311 1416 1525 1638 1755 1876 2001 2130 2263 2400 2541 2686 2835 2988 3145 3306 3471 3640 3813 3990 
157 262 367 412 472 487 577 682 787 877 892 907 997 1072 1207 1237 1312 1402 1522 1567 1627 1657 1732 1852 1942 2047 2062 2152 2194 2257 2362 2437 2467 2557 2572 2677 2722 2782 
23 37 53 67 89 97 113 157 173 211 233 277 293 307 317 359 389 409 449 457 467 479 509 577 607 631 653 691 719 751 839 853 863 877 887 919 929 1039 1069 1087 1201 1223 1237 1283 1297 1307 1327 1381 1423 1439 
