0 64 256 576 1024 1600 2304 3136 4096 5184 6400 7744 9216 10816 12544 14400 16384 18496 20736 23104 25600 28224 30976 33856 36864 40000 43264 46656 50176 53824 57600 61504 65536 69696 73984 78400 
1 64 128 256 512 729 1024 2048 2187 4096 6561 8192 15625 16384 19683 32768 46656 59049 65536 78125 93312 117649 131072 139968 177147 186624 262144 279936 373248 390625 419904 524288 531441 559872 746496 823543 839808 
0 64 256 576 1024 1600 2304 3136 4096 5184 6400 7744 9216 10816 12544 14400 16384 18496 20736 23104 25600 28224 30976 33856 36864 40000 43264 46656 50176 53824 57600 61504 65536 69696 73984 78400 
1 64 128 256 512 729 1024 2048 2187 4096 6561 8192 15625 16384 19683 32768 46656 59049 65536 78125 117649 131072 177147 262144 279936 390625 524288 531441 823543 1000000 1048576 1594323 1679616 1771561 
64 256 640 1280 2240 3584 5376 7680 10560 14080 18304 23296 29120 35840 43520 52224 62016 72960 85120 98560 113344 129536 147200 166400 187200 209664 233856 259840 287680 317440 349184 382976 418880 456960 
0 64 256 576 1024 1600 2304 3136 4096 5184 6400 7744 9216 10816 12544 14400 16384 18496 20736 23104 25600 28224 30976 33856 36864 40000 43264 46656 50176 53824 57600 61504 65536 69696 73984 78400 
2880 4032 4800 6336 7488 9408 9792 10944 11200 13248 14580 15552 15680 16704 17600 17856 20412 20800 21312 23232 23328 23616 24768 27072 27200 30400 30528 32076 32448 33984 34496 35136 36450 36800 37908 38592 38720 40768 
0 64 256 576 1024 1600 2304 3136 4096 5184 6400 7744 9216 10816 12544 14400 16384 18496 20736 23104 25600 28224 30976 33856 36864 40000 43264 46656 50176 53824 57600 61504 65536 69696 73984 78400 
1920 2688 4224 4480 4992 6528 7040 7296 8320 8832 9856 10880 11136 11648 11904 12160 14208 14720 15232 15744 16512 17024 18048 18304 18560 19840 20352 20608 21870 22656 23424 23680 23936 25728 25984 26240 26752 27264 
0 64 256 576 1024 1600 2304 3136 4096 5184 6400 7744 9216 10816 12544 14400 16384 18496 20736 23104 25600 28224 30976 33856 36864 40000 43264 46656 50176 53824 57600 61504 65536 69696 73984 78400 
2880 4032 4800 6336 7488 9408 9792 10944 11200 13248 14580 15680 16704 17600 17856 20412 20800 21312 23232 23616 24768 27072 27200 30400 30528 32076 32448 33984 34496 35136 36450 36800 37908 38592 38720 
0 64 256 576 1024 1600 2304 3136 4096 5184 6400 7744 9216 10816 12544 14400 16384 18496 20736 23104 25600 28224 30976 33856 36864 40000 43264 46656 50176 53824 57600 61504 65536 69696 73984 78400 
