14 23 34 42 57 72 86 96 110 116 125 155 
4 14 23 34 42 50 59 72 81 86 96 103 110 116 125 135 145 155 163 168 175 181 190 200 207 
0 7 26 57 100 155 222 301 392 495 610 737 876 1027 1190 1365 1552 1751 1962 2185 2420 2667 2926 3197 3480 3775 4082 4401 4732 5075 5430 5797 6176 6567 6970 7385 7812 8251 8702 9165 9640 10127 10626 
1 7 19 57 81 251 437 691 739 1743 3695 6619 8217 9771 14771 15155 16831 18805 26745 30551 41755 46297 54339 72359 86407 96969 131059 344859 395231 519963 607141 677397 741509 893019 917217 1288415 1406811 1789599 1827927 3085785 3216051 3444439 3524869 
325 425 625 650 725 845 850 925 1025 1250 1300 1325 1445 1450 1525 1690 1700 1825 1850 2050 2225 2425 2500 2525 2600 2650 2725 2825 2873 2890 2900 2925 3050 3125 3380 3400 3425 3650 3700 3725 3757 3825 3925 4100 
0 25 100 225 400 625 900 1225 1600 2025 2500 3025 3600 4225 4900 5625 6400 7225 8100 9025 10000 11025 12100 13225 14400 15625 16900 18225 19600 21025 22500 24025 25600 
0 8 36 120 330 792 1716 3430 6435 11440 19448 31824 50388 77520 116277 170544 245157 346104 480700 657800 888030 1184036 1560780 2035800 2629575 3365856 4272048 5379616 6724515 8347680 10295472 
1 8 36 120 330 792 1716 3432 6435 11440 19448 31824 50388 77520 116280 170544 245157 346104 480700 657800 888030 1184040 1560780 2035800 2629575 3365856 4272048 5379616 6724520 8347680 10295472 
0 8 44 164 494 1286 3002 6434 12869 24309 43757 75581 125969 203489 319769 490313 735470 1081574 1562274 2220074 3108104 4292144 5852924 7888724 10518299 13884155 18156203 23535819 30260339 38608019 48903491 
1 8 36 120 330 792 1716 3432 6435 11440 19448 31824 50388 77520 116280 170544 245157 346104 480700 657800 888030 1184040 1560780 2035800 2629575 3365856 4272048 5379616 6724520 8347680 10295472 
0 9 54 219 714 2001 5004 11439 24309 48619 92377 167959 293929 497419 817189 1307503 2042974 3124549 4686824 6906899 10015004 14307149 20160074 28048799 38567099 52451255 70607459 94143279 
1 9 45 165 495 1287 3003 6435 12870 24310 43758 75582 125970 203490 319770 490314 735471 1081575 1562275 2220075 3108105 4292145 5852925 7888725 10518300 13884156 18156204 23535820 30260340 38608020 48903492 61523748 76904685 
14 23 28 33 42 49 59 66 77 86 96 103 110 
8 14 23 28 33 42 51 59 68 77 86 96 103 110 116 125 
0 14 28 42 56 70 84 98 112 126 140 154 168 182 196 210 224 238 252 266 280 294 308 322 336 350 364 378 392 406 420 434 448 462 476 490 504 518 532 546 560 574 588 602 616 630 644 658 672 686 700 714 728 
8 14 23 28 33 42 51 59 68 77 86 96 103 110 116 125 
14 28 42 56 70 84 98 112 126 140 154 168 2366 2394 2408 2422 2436 2450 2464 2478 2492 2506 2520 2534 4732 4746 4774 4788 4802 4816 4830 4844 4858 4872 4886 4900 7098 7112 7126 7154 
8 14 23 28 33 42 51 59 68 77 86 96 103 110 116 125 
14 28 42 56 70 84 98 112 126 140 154 168 183 366 549 732 915 1098 1281 1464 1647 1830 2013 2196 2366 2380 2394 2408 2422 2436 2450 2464 2478 2492 2506 2520 2534 4732 4746 4760 4774 
8 14 23 28 33 42 51 59 68 77 86 96 103 110 116 125 
14 28 42 56 70 84 98 112 126 140 154 168 2366 2380 2394 2408 2422 2436 2450 2464 2478 2492 2506 2520 2534 4732 4746 4760 4774 4788 4802 4816 4830 4844 4858 4872 4886 4900 7098 7112 
8 14 23 28 33 42 51 59 68 77 86 96 103 110 116 125 
0 21 42 65 86 109 130 151 174 195 218 239 262 283 304 327 348 371 392 415 436 457 480 501 524 545 568 589 610 633 654 677 698 721 742 763 786 807 830 851 874 895 916 939 960 983 1004 1027 1048 
1 6 15 36 65 108 175 264 369 510 671 864 1105 1386 1695 2048 2465 2934 3439 4000 4641 5346 6095 6912 7825 8814 9855 11004 12209 13500 14911 16416 17985 19652 21455 23364 25345 27436 29679 32040 34481 
0 21 42 65 86 109 130 151 174 195 218 239 262 283 304 327 348 371 392 415 436 457 480 501 524 545 568 589 610 633 654 677 698 721 742 763 786 807 830 851 874 895 916 939 960 983 1004 1027 1048 
1 6 15 36 65 114 175 264 369 510 671 876 1105 1386 1695 2064 2465 2934 3439 4020 4641 5346 6095 6936 7825 8814 9855 11004 12209 13530 14911 16416 17985 19686 21455 23364 25345 27474 29679 32040 34481 37086 
0 21 42 65 86 109 130 151 174 195 218 239 262 283 304 327 348 371 392 415 436 457 480 501 524 545 568 589 610 633 654 677 698 721 742 763 786 807 830 851 874 895 916 939 960 983 1004 1027 1048 
6 14 21 28 37 44 52 59 67 75 83 89 98 106 112 120 128 136 143 150 158 167 173 181 189 197 204 212 219 227 235 242 250 257 265 273 280 287 296 303 311 318 326 334 341 348 357 364 371 379 387 395 402 409 417 425 432 440 448 455 463 471 478 486 493 501 509 516 524 532 538 546 555 562 569 577 585 593 600 607 616 623 630 638 646 653 661 668 677 684 691 699 707 714 722 729 737 745 752 760 767 775 783 791 797 806 814 821 828 836 844 851 858 866 875 881 889 897 905 912 
0 21 42 65 86 109 130 151 174 195 218 239 262 283 304 327 348 371 392 415 436 457 480 501 524 545 568 589 610 633 654 677 698 721 742 763 786 807 830 851 874 895 916 939 960 983 1004 1027 1048 
1 6 15 36 65 110 175 264 389 522 683 864 1077 1338 1615 1948 2293 2786 3307 3880 4457 5110 5783 6568 7377 8282 9291 10324 11321 12522 13715 15072 16461 18202 19763 21628 23441 25454 27443 29664 31821 34178 36571 
0 21 42 65 86 109 130 151 174 195 218 239 262 283 304 327 348 371 392 415 436 457 480 501 524 545 568 589 610 633 654 677 698 721 742 763 786 807 830 851 874 895 916 939 960 983 1004 1027 1048 
1 6 15 36 65 102 151 216 317 442 571 756 953 1158 1375 1668 2005 2398 2783 3308 3837 4374 4923 5528 6269 6918 7763 8648 9601 10518 11355 12696 13845 15182 16575 17928 19561 21098 22815 24508 26537 28374 30415 32632 
0 21 42 65 86 109 130 151 174 195 218 239 262 283 304 327 348 371 392 415 436 457 480 501 524 545 568 589 610 633 654 677 698 721 742 763 786 807 830 851 874 895 916 939 960 983 1004 1027 1048 
1 6 15 36 65 106 159 248 365 494 635 812 1017 1250 1503 1856 2277 2694 3091 3508 3921 4354 4815 5368 5981 6622 7275 8028 8841 9730 10671 11936 13525 15030 16347 17676 18969 20234 21543 22936 24309 25726 27179 28692 
0 21 42 65 86 109 130 151 174 195 218 239 262 283 304 327 348 371 392 415 436 457 480 501 524 545 568 589 610 633 654 677 698 721 742 763 786 807 830 851 874 895 916 939 960 983 1004 1027 1048 
1 6 15 36 65 106 167 232 325 434 575 720 893 1110 1363 1700 2089 2434 2799 3212 3697 4154 4679 5288 5925 6646 7403 8220 9177 10154 11263 12448 13765 15038 16479 17896 19357 20814 22323 23956 25601 27306 29007 30904 
0 21 42 65 86 109 130 151 174 195 218 239 262 283 304 327 348 371 392 415 436 457 480 501 524 545 568 589 610 633 654 677 698 721 742 763 786 807 830 851 874 895 916 939 960 983 1004 1027 1048 
1 6 15 36 65 106 159 248 365 494 635 812 1017 1258 1535 1920 2405 2902 3411 3956 4529 5138 5783 6536 7381 8262 9179 10204 11313 12530 13855 15504 17493 19494 21507 23556 25633 27746 29895 32152 34501 36886 39307 
0 21 42 65 86 109 130 151 174 195 218 239 262 283 304 327 348 371 392 415 436 457 480 501 524 545 568 589 610 633 654 677 698 721 742 763 786 807 830 851 874 895 916 939 960 983 1004 1027 1048 
1 6 15 36 65 106 167 256 357 470 603 764 953 1186 1495 1872 2269 2678 3107 3564 4049 4578 5183 5856 6565 7318 8139 9044 10049 11218 12631 14200 15805 17422 19059 20724 22417 24154 25967 27848 29765 31726 33755 35868 
15 25 75 105 115 135 195 205 235 285 385 415 475 495 535 615 645 655 685 735 745 805 855 885 895 925 975 1095 1105 1155 1245 1275 1285 1365 1395 1435 1455 1485 1495 1545 1575 1585 1645 1675 1705 1765 1915 
10 15 25 35 55 65 85 95 115 145 155 185 205 215 235 265 295 305 335 355 365 395 415 445 485 505 515 535 545 565 635 655 685 695 745 755 785 815 835 865 895 905 955 965 985 995 1055 1115 1135 1145 1165 1195 
10 15 25 35 55 65 85 95 115 145 155 185 205 215 235 265 295 305 335 355 365 395 415 445 485 505 515 535 545 565 635 655 685 695 745 755 785 815 835 865 895 905 955 965 985 995 1055 1115 1135 1145 1165 1195 
5 10 15 20 25 30 40 45 50 55 60 65 75 80 85 90 95 100 110 115 120 125 130 135 145 150 155 160 165 170 180 185 190 195 200 210 215 220 225 230 235 240 250 255 260 265 270 275 285 290 295 300 305 310 320 
10 15 25 35 55 65 85 95 115 145 155 185 205 215 235 265 295 305 335 355 365 395 415 445 485 505 515 535 545 565 635 655 685 695 745 755 785 815 835 865 895 905 955 965 985 995 1055 1115 1135 1145 1165 1195 
5 10 15 20 30 40 60 80 120 160 240 320 480 640 960 1280 1920 2560 3840 5120 7680 10240 15360 20480 30720 40960 61440 81920 122880 163840 245760 327680 491520 655360 983040 1310720 1966080 2621440 
10 15 25 35 55 65 85 95 115 145 155 185 205 215 235 265 295 305 335 355 365 395 415 445 485 505 515 535 545 565 635 655 685 695 745 755 785 815 835 865 895 905 955 965 985 995 1055 1115 1135 1145 1165 1195 
5 10 15 20 25 30 40 45 50 60 75 80 90 100 120 125 135 150 160 180 200 225 240 250 270 300 320 360 375 400 405 450 480 500 540 600 625 640 675 720 750 800 810 900 960 1000 1080 1125 1200 1215 1250 1280 1350 
10 15 25 35 55 65 85 95 115 145 155 185 205 215 235 265 295 305 335 355 365 395 415 445 485 505 515 535 545 565 635 655 685 695 745 755 785 815 835 865 895 905 955 965 985 995 1055 1115 1135 1145 1165 1195 
5 10 15 20 25 30 35 40 45 50 60 70 75 80 90 100 105 120 125 135 140 150 160 175 180 200 210 225 240 245 250 270 280 300 315 320 350 360 375 400 405 420 450 480 490 500 525 540 560 600 625 630 640 675 700 
10 15 25 35 55 65 85 95 115 145 155 185 205 215 235 265 295 305 335 355 365 395 415 445 485 505 515 535 545 565 635 655 685 695 745 755 785 815 835 865 895 905 955 965 985 995 1055 1115 1135 1145 1165 1195 
5 10 15 20 25 30 35 40 45 50 55 60 65 70 75 80 85 90 95 100 105 110 115 121 126 131 136 141 146 151 156 161 166 171 176 181 186 191 196 201 206 211 216 221 226 231 237 242 247 252 257 262 267 272 277 282 
10 15 25 35 55 65 85 95 115 145 155 185 205 215 235 265 295 305 335 355 365 395 415 445 485 505 515 535 545 565 635 655 685 695 745 755 785 815 835 865 895 905 955 965 985 995 1055 1115 1135 1145 1165 1195 
5 10 15 20 30 40 45 60 65 75 80 85 90 95 105 120 125 130 135 150 160 165 170 175 180 190 195 210 215 225 235 240 245 250 255 260 270 300 320 325 330 335 340 350 360 365 380 390 420 430 450 455 470 
0 15 35 60 90 125 165 210 260 315 375 440 510 585 665 750 840 935 1035 1140 1250 1365 1485 1610 1740 1875 2015 2160 2310 2465 2625 2790 2960 3135 3315 3500 3690 3885 4085 4290 4500 4715 4935 5160 5390 5625 5865 
10 15 25 35 55 65 85 95 115 145 155 185 205 215 235 265 295 305 335 355 365 395 415 445 485 505 515 535 545 565 635 655 685 695 745 755 785 815 835 865 895 905 955 965 985 995 1055 1115 1135 1145 1165 1195 
15 35 55 75 95 115 135 155 175 195 215 235 255 275 295 315 335 355 375 395 415 435 455 475 495 515 535 555 575 595 615 635 655 675 695 715 735 755 775 795 815 835 855 875 895 915 935 955 975 995 1015 1035 
10 15 25 35 55 65 85 95 115 145 155 185 205 215 235 265 295 305 335 355 365 395 415 445 485 505 515 535 545 565 635 655 685 695 745 755 785 815 835 865 895 905 955 965 985 995 1055 1115 1135 1145 1165 1195 
10 15 25 35 55 65 85 95 115 145 155 185 205 215 235 265 295 305 335 355 365 395 415 445 485 505 515 535 545 565 635 655 685 695 745 755 785 815 835 865 895 905 955 965 985 995 1055 1115 1135 1145 1165 1195 
5 10 15 20 25 30 36 42 47 52 57 62 68 73 79 84 89 94 99 105 110 116 121 126 131 137 142 147 153 158 163 168 174 179 184 190 195 200 206 211 216 221 227 232 238 243 248 253 258 264 269 275 280 285 290 295 
10 20 26 36 46 52 62 68 78 88 94 104 114 120 130 136 146 156 162 172 178 188 198 204 214 224 230 240 246 256 266 272 282 292 298 308 314 324 334 340 350 356 366 376 382 392 402 408 418 424 434 444 450 460 466 476 486 
5 10 15 20 26 31 36 41 47 52 57 62 68 73 78 83 89 94 99 104 109 115 120 125 130 136 141 146 151 157 162 167 172 178 183 188 193 198 204 209 214 219 225 230 235 240 246 251 256 261 267 272 277 282 287 
10 20 25 35 45 50 60 70 75 85 95 100 110 120 125 135 145 150 160 170 175 185 195 200 210 220 225 235 245 250 260 270 275 285 295 300 310 320 325 335 345 350 360 370 375 385 395 400 410 420 425 435 445 450 460 470 475 485 495 500 510 520 525 535 545 550 560 
5 10 15 20 26 31 36 41 47 52 57 62 68 73 78 83 89 94 99 104 109 115 120 125 130 136 141 146 151 157 162 167 172 178 183 188 193 198 204 209 214 219 225 230 235 240 246 251 256 261 267 272 277 282 287 
10 15 20 25 30 250 280 310 340 370 400 465 495 525 555 585 615 680 710 740 770 800 830 895 925 955 985 1015 1045 1110 1140 1170 1200 1230 1260 7990 8170 8350 8530 8710 8890 9280 9460 9640 9820 10000 10180 10570 10750 
5 10 15 20 26 31 36 41 47 52 57 62 68 73 78 83 89 94 99 104 109 115 120 125 130 136 141 146 151 157 162 167 172 178 183 188 193 198 204 209 214 219 225 230 235 240 246 251 256 261 267 272 277 282 287 
6 17 28 39 50 61 72 83 94 105 116 127 138 149 160 171 182 193 204 215 226 237 248 259 270 281 292 303 314 325 336 347 358 369 380 391 402 413 424 435 446 457 468 479 490 501 512 523 534 545 556 567 578 589 
1 6 11 17 22 27 32 37 43 48 53 58 64 69 74 79 85 90 95 100 106 111 116 121 126 132 137 142 147 153 158 163 168 174 179 184 189 195 200 205 210 215 221 226 231 236 242 247 252 257 263 268 273 278 284 289 
0 6 11 17 22 28 33 39 44 455 505 556 606 657 707 758 808 859 909 960 1010 1061 1111 1162 1212 1263 1313 1364 1414 1465 1515 1566 1616 1667 1717 1768 
1 6 11 17 22 27 32 37 43 48 53 58 64 69 74 79 85 90 95 100 106 111 116 121 126 132 137 142 147 153 158 163 168 174 179 184 189 195 200 205 210 215 221 226 231 236 242 247 252 257 263 268 273 278 284 289 
0 6 17 23 28 34 45 51 56 62 73 79 84 90 101 107 112 118 129 135 140 146 157 163 168 174 185 191 196 202 213 219 224 230 241 247 252 258 269 275 280 286 297 303 308 314 
1 6 11 17 22 27 32 37 43 48 53 58 64 69 74 79 85 90 95 100 106 111 116 121 126 132 137 142 147 153 158 163 168 174 179 184 189 195 200 205 210 215 221 226 231 236 242 247 252 257 263 268 273 278 284 289 
0 6 11 17 28 34 39 45 56 62 67 73 84 90 95 101 112 118 123 129 140 146 151 157 168 174 179 185 196 202 207 213 224 230 235 241 252 258 263 269 280 286 291 297 
1 6 11 17 22 27 32 37 43 48 53 58 64 69 74 79 85 90 95 100 106 111 116 121 126 132 137 142 147 153 158 163 168 174 179 184 189 195 200 205 210 215 221 226 231 236 242 247 252 257 263 268 273 278 284 289 
0 11 17 22 28 39 45 50 56 67 73 78 84 95 101 106 112 123 129 134 140 151 157 162 168 179 185 190 196 207 213 218 224 235 241 246 252 263 269 274 280 291 297 
1 6 11 17 22 27 32 37 43 48 53 58 64 69 74 79 85 90 95 100 106 111 116 121 126 132 137 142 147 153 158 163 168 174 179 184 189 195 200 205 210 215 221 226 231 236 242 247 252 257 263 268 273 278 284 289 
0 6 11 17 22 28 34 39 45 50 56 62 67 73 78 84 90 95 101 106 112 118 123 129 134 140 146 151 157 162 168 174 179 185 190 196 202 207 213 218 224 230 235 241 246 252 258 263 269 274 280 286 291 297 302 308 314 319 325 
1 6 11 17 22 27 32 37 43 48 53 58 64 69 74 79 85 90 95 100 106 111 116 121 126 132 137 142 147 153 158 163 168 174 179 184 189 195 200 205 210 215 221 226 231 236 242 247 252 257 263 268 273 278 284 289 
7 13 31 43 61 103 109 199 271 367 409 421 523 541 547 787 823 829 883 1009 1033 1117 1237 1291 1669 1999 2131 2161 2203 2269 2437 2503 2593 2671 2857 3049 3253 3271 3361 3559 3583 3769 3823 4003 4201 4339 4357 
2 7 13 18 23 28 34 39 44 49 54 60 65 70 75 81 86 91 96 102 107 112 117 123 128 133 138 143 149 154 159 164 170 175 180 185 191 196 201 206 212 217 222 227 233 238 243 248 253 259 264 269 274 280 285 290 
14 23 28 33 42 49 59 66 77 86 96 103 110 
3 9 14 19 24 30 35 40 45 51 56 61 66 71 77 82 87 92 98 103 108 113 119 124 129 134 140 145 150 155 161 166 171 176 181 187 192 197 202 208 213 218 223 229 234 239 244 250 255 260 265 270 276 281 286 291 
9 14 28 33 47 52 66 71 85 90 108 113 127 132 146 151 165 170 189 194 207 212 226 231 245 250 269 274 288 293 306 311 325 330 349 354 368 373 387 392 405 410 429 434 448 453 467 472 486 491 504 518 523 537 
3 9 14 19 24 30 35 40 45 51 56 61 66 71 77 82 87 92 98 103 108 113 119 124 129 134 140 145 150 155 161 166 171 176 181 187 192 197 202 208 213 218 223 229 234 239 244 250 255 260 265 270 276 281 286 291 
0 9 23 42 66 95 129 168 212 261 315 374 438 507 581 660 744 833 927 1026 1130 1239 1353 1472 1596 1725 1859 1998 2142 2291 2445 2604 2768 2937 3111 3290 3474 3663 3857 4056 4260 4469 4683 4902 5126 5355 5589 
3 9 14 19 24 30 35 40 45 51 56 61 66 71 77 82 87 92 98 103 108 113 119 124 129 134 140 145 150 155 161 166 171 176 181 187 192 197 202 208 213 218 223 229 234 239 244 250 255 260 265 270 276 281 286 291 
