0 76 152 228 304 380 456 532 608 684 760 836 912 988 1064 1140 1216 1292 1368 1444 1520 1596 1672 1748 1824 1900 1976 2052 2128 2204 2280 2356 2432 2508 2584 2660 2736 
0 76 152 228 304 380 456 532 608 684 760 836 912 988 1064 1140 1216 1292 1368 1444 1520 1596 1672 1748 1824 1900 1976 2052 2128 2204 2280 2356 2432 2508 2584 2660 2736 
0 76 152 228 304 380 456 532 608 684 760 836 912 988 1064 1140 1216 1292 1368 1444 1520 1596 1672 1748 1824 1900 1976 2052 2128 2204 2280 2356 2432 2508 2584 2660 2736 
0 76 152 228 304 380 456 532 608 684 760 836 912 988 1064 1140 1216 1292 1368 1444 1520 1596 1672 1748 1824 1900 1976 2052 2128 2204 2280 2356 2432 2508 2584 2660 2736 
0 199 398 597 796 995 1194 1393 1592 1791 1990 2189 2388 2587 2786 2985 3184 3383 3582 3781 3980 4179 4378 4577 4776 4975 5174 5373 5572 5771 5970 6169 6368 6567 6766 
0 199 398 597 796 995 1194 1393 1592 1791 1990 2189 2388 2587 2786 2985 3184 3383 3582 3781 3980 4179 4378 4577 4776 4975 5174 5373 5572 5771 5970 6169 6368 6567 6766 
0 199 398 597 796 995 1194 1393 1592 1791 1990 2189 2388 2587 2786 2985 3184 3383 3582 3781 3980 4179 4378 4577 4776 4975 5174 5373 5572 5771 5970 6169 6368 6567 6766 
0 199 398 597 796 995 1194 1393 1592 1791 1990 2189 2388 2587 2786 2985 3184 3383 3582 3781 3980 4179 4378 4577 4776 4975 5174 5373 5572 5771 5970 6169 6368 6567 6766 
0 521 1042 1563 2084 2605 3126 3647 4168 4689 5210 5731 6252 6773 7294 7815 8336 8857 9378 9899 10420 10941 11462 11983 12504 13025 13546 14067 14588 15109 15630 16151 
0 521 1042 1563 2084 2605 3126 3647 4168 4689 5210 5731 6252 6773 7294 7815 8336 8857 9378 9899 10420 10941 11462 11983 12504 13025 13546 14067 14588 15109 15630 16151 
0 521 1042 1563 2084 2605 3126 3647 4168 4689 5210 5731 6252 6773 7294 7815 8336 8857 9378 9899 10420 10941 11462 11983 12504 13025 13546 14067 14588 15109 15630 16151 
0 521 1042 1563 2084 2605 3126 3647 4168 4689 5210 5731 6252 6773 7294 7815 8336 8857 9378 9899 10420 10941 11462 11983 12504 13025 13546 14067 14588 15109 15630 16151 
0 1364 2728 4092 5456 6820 8184 9548 10912 12276 13640 15004 16368 17732 19096 20460 21824 23188 24552 25916 27280 28644 30008 31372 32736 34100 35464 36828 38192 
0 1364 2728 4092 5456 6820 8184 9548 10912 12276 13640 15004 16368 17732 19096 20460 21824 23188 24552 25916 27280 28644 30008 31372 32736 34100 35464 36828 38192 
0 1364 2728 4092 5456 6820 8184 9548 10912 12276 13640 15004 16368 17732 19096 20460 21824 23188 24552 25916 27280 28644 30008 31372 32736 34100 35464 36828 38192 
0 1364 2728 4092 5456 6820 8184 9548 10912 12276 13640 15004 16368 17732 19096 20460 21824 23188 24552 25916 27280 28644 30008 31372 32736 34100 35464 36828 38192 
0 3571 7142 10713 14284 17855 21426 24997 28568 32139 35710 39281 42852 46423 49994 53565 57136 60707 64278 67849 71420 74991 78562 82133 85704 89275 92846 96417 
0 3571 7142 10713 14284 17855 21426 24997 28568 32139 35710 39281 42852 46423 49994 53565 57136 60707 64278 67849 71420 74991 78562 82133 85704 89275 92846 96417 
0 3571 7142 10713 14284 17855 21426 24997 28568 32139 35710 39281 42852 46423 49994 53565 57136 60707 64278 67849 71420 74991 78562 82133 85704 89275 92846 96417 
0 3571 7142 10713 14284 17855 21426 24997 28568 32139 35710 39281 42852 46423 49994 53565 57136 60707 64278 67849 71420 74991 78562 82133 85704 89275 92846 96417 
0 9349 18698 28047 37396 46745 56094 65443 74792 84141 93490 102839 112188 121537 130886 140235 149584 158933 168282 177631 186980 196329 205678 215027 224376 233725 
0 9349 18698 28047 37396 46745 56094 65443 74792 84141 93490 102839 112188 121537 130886 140235 149584 158933 168282 177631 186980 196329 205678 215027 224376 233725 
0 9349 18698 28047 37396 46745 56094 65443 74792 84141 93490 102839 112188 121537 130886 140235 149584 158933 168282 177631 186980 196329 205678 215027 224376 233725 
0 9349 18698 28047 37396 46745 56094 65443 74792 84141 93490 102839 112188 121537 130886 140235 149584 158933 168282 177631 186980 196329 205678 215027 224376 233725 
0 123 246 369 492 615 738 861 984 1107 1230 1353 1476 1599 1722 1845 1968 2091 2214 2337 2460 2583 2706 2829 2952 3075 3198 3321 3444 3567 3690 3813 3936 4059 4182 
0 123 246 369 492 615 738 861 984 1107 1230 1353 1476 1599 1722 1845 1968 2091 2214 2337 2460 2583 2706 2829 2952 3075 3198 3321 3444 3567 3690 3813 3936 4059 4182 
0 123 246 369 492 615 738 861 984 1107 1230 1353 1476 1599 1722 1845 1968 2091 2214 2337 2460 2583 2706 2829 2952 3075 3198 3321 3444 3567 3690 3813 3936 4059 4182 
0 123 246 369 492 615 738 861 984 1107 1230 1353 1476 1599 1722 1845 1968 2091 2214 2337 2460 2583 2706 2829 2952 3075 3198 3321 3444 3567 3690 3813 3936 4059 4182 
0 322 644 966 1288 1610 1932 2254 2576 2898 3220 3542 3864 4186 4508 4830 5152 5474 5796 6118 6440 6762 7084 7406 7728 8050 8372 8694 9016 9338 9660 9982 10304 10626 
0 322 644 966 1288 1610 1932 2254 2576 2898 3220 3542 3864 4186 4508 4830 5152 5474 5796 6118 6440 6762 7084 7406 7728 8050 8372 8694 9016 9338 9660 9982 10304 10626 
0 322 644 966 1288 1610 1932 2254 2576 2898 3220 3542 3864 4186 4508 4830 5152 5474 5796 6118 6440 6762 7084 7406 7728 8050 8372 8694 9016 9338 9660 9982 10304 10626 
0 322 644 966 1288 1610 1932 2254 2576 2898 3220 3542 3864 4186 4508 4830 5152 5474 5796 6118 6440 6762 7084 7406 7728 8050 8372 8694 9016 9338 9660 9982 10304 10626 
0 843 1686 2529 3372 4215 5058 5901 6744 7587 8430 9273 10116 10959 11802 12645 13488 14331 15174 16017 16860 17703 18546 19389 20232 21075 21918 22761 23604 24447 25290 26133 26976 27819 28662 29505 30348 31191 32034 32877 33720 34563 
0 843 1686 2529 3372 4215 5058 5901 6744 7587 8430 9273 10116 10959 11802 12645 13488 14331 15174 16017 16860 17703 18546 19389 20232 21075 21918 22761 23604 24447 
0 843 1686 2529 3372 4215 5058 5901 6744 7587 8430 9273 10116 10959 11802 12645 13488 14331 15174 16017 16860 17703 18546 19389 20232 21075 21918 22761 23604 24447 
0 843 1686 2529 3372 4215 5058 5901 6744 7587 8430 9273 10116 10959 11802 12645 13488 14331 15174 16017 16860 17703 18546 19389 20232 21075 21918 22761 23604 24447 25290 26133 26976 27819 28662 29505 30348 31191 32034 32877 33720 34563 
0 2207 4414 6621 8828 11035 13242 15449 17656 19863 22070 24277 26484 28691 30898 33105 35312 37519 39726 41933 44140 46347 48554 50761 52968 55175 57382 59589 61796 
0 2207 4414 6621 8828 11035 13242 15449 17656 19863 22070 24277 26484 28691 30898 33105 35312 37519 39726 41933 44140 46347 48554 50761 52968 55175 57382 59589 61796 
0 2207 4414 6621 8828 11035 13242 15449 17656 19863 22070 24277 26484 28691 30898 33105 35312 37519 39726 41933 44140 46347 48554 50761 52968 55175 57382 59589 61796 
0 2207 4414 6621 8828 11035 13242 15449 17656 19863 22070 24277 26484 28691 30898 33105 35312 37519 39726 41933 44140 46347 48554 50761 52968 55175 57382 59589 61796 
0 5778 11556 17334 23112 28890 34668 40446 46224 52002 57780 63558 69336 75114 80892 86670 92448 98226 104004 109782 115560 121338 127116 132894 138672 144450 150228 
0 5778 11556 17334 23112 28890 34668 40446 46224 52002 57780 63558 69336 75114 80892 86670 92448 98226 104004 109782 115560 121338 127116 132894 138672 144450 150228 
0 5778 11556 17334 23112 28890 34668 40446 46224 52002 57780 63558 69336 75114 80892 86670 92448 98226 104004 109782 115560 121338 127116 132894 138672 144450 150228 
0 5778 11556 17334 23112 28890 34668 40446 46224 52002 57780 63558 69336 75114 80892 86670 92448 98226 104004 109782 115560 121338 127116 132894 138672 144450 150228 
0 15127 30254 45381 60508 75635 90762 105889 121016 136143 151270 166397 181524 196651 211778 226905 242032 257159 272286 287413 302540 317667 332794 347921 363048 378175 393302 408429 423556 438683 453810 468937 484064 499191 514318 529445 544572 559699 
0 15127 30254 45381 60508 75635 90762 105889 121016 136143 151270 166397 181524 196651 211778 226905 242032 257159 272286 287413 302540 317667 332794 347921 363048 378175 393302 408429 423556 438683 453810 468937 484064 499191 514318 529445 544572 559699 
0 15127 30254 45381 60508 75635 90762 105889 121016 136143 151270 166397 181524 196651 211778 226905 242032 257159 272286 287413 302540 317667 332794 347921 363048 378175 393302 408429 423556 438683 453810 468937 484064 499191 514318 529445 544572 559699 
0 15127 30254 45381 60508 75635 90762 105889 121016 136143 151270 166397 181524 196651 211778 226905 242032 257159 272286 287413 302540 317667 332794 347921 363048 378175 393302 408429 423556 438683 453810 468937 484064 499191 514318 529445 544572 559699 
